SCONWAREDUMP_START
1	0	400e1a54	00008000		0x817f5	4	0		0
1	1	400e0a00	00000400		0x80feb	4	0		0
1	2	400e0c00	00000400		0x80ffd	4	0		0
0	3	400e0620	00000008		0x81009	4	0		0
1	4	400e0620	00370809		0x81023	4	0		0
0	5	400e0668	00030008		0x81031	4	0		1040
0	6	400e0668	00030009		0x81031	4	0		0
1	7	400e0620	01370809		0x81043	4	0		0
0	8	400e0668	00030009		0x81051	4	0		0
0	9	400e0630	00000001		0x81065	4	0		0
1	10	400e0630	00000001		0x81077	4	0		0
0	11	400e0668	00030009		0x81085	4	0		0
1	12	400e0628	200d3f01		0x8109d	4	0		0
0	13	400e0668	00030009		0x810ab	4	0		3008
0	14	400e0668	0003000b		0x810ab	4	0		0
1	15	400e0630	00000011		0x810bf	4	0		0
0	16	400e0668	0003000b		0x810cd	4	0		0
1	17	400e0630	00000012		0x810e1	4	0		0
0	18	400e0668	00030003		0x810ef	4	0		48
0	19	400e0668	0003000b		0x810ef	4	0		0
1	20	400e1244	00800000		0x8091f	4	0		0
1	21	400e1260	00800000		0x80929	4	0		0
1	22	400e1254	00800000		0x80943	4	0		0
1	23	400e1234	00800000		0x8095f	4	0		0
1	24	400e1210	00800000		0x8096d	4	0		0
1	25	400e1200	00800000		0x809d7	4	0		0
0	26	400e1218	00800000		0x819df	4	0		0
1	27	400e1244	00400000		0x8091f	4	0		0
1	28	400e1260	00400000		0x80929	4	0		0
1	29	400e1254	00400000		0x80943	4	0		0
1	30	400e1234	00400000		0x8095f	4	0		0
1	31	400e1210	00400000		0x8096d	4	0		0
1	32	400e1200	00400000		0x809d7	4	0		0
0	33	400e1218	00c00000		0x819df	4	0		0
1	34	400e1244	00200000		0x8091f	4	0		0
1	35	400e1260	00200000		0x80929	4	0		0
1	36	400e1254	00200000		0x80943	4	0		0
1	37	400e1234	00200000		0x8095f	4	0		0
1	38	400e1210	00200000		0x8096d	4	0		0
1	39	400e1200	00200000		0x809d7	4	0		0
0	40	400e1218	00e00000		0x819df	4	0		0
1	41	400e1244	20000000		0x8091f	4	0		0
1	42	400e1260	20000000		0x80929	4	0		0
1	43	400e1254	20000000		0x80943	4	0		0
1	44	400e1234	20000000		0x8095f	4	0		0
1	45	400e1210	20000000		0x8096d	4	0		0
1	46	400e1200	20000000		0x809d7	4	0		0
0	47	400e1218	20e00000		0x819df	4	0		0
1	48	400e1444	00000080		0x8091f	4	0		0
1	49	400e1460	00000080		0x80929	4	0		0
1	50	400e1454	00000080		0x80943	4	0		0
1	51	400e1434	00000080		0x8095f	4	0		0
1	52	400e1410	00000080		0x8096d	4	0		0
1	53	400e1400	00000080		0x809d7	4	0		0
0	54	400e1418	00000080		0x819df	4	0		0
1	55	400e1444	00000100		0x8091f	4	0		0
1	56	400e1460	00000100		0x80929	4	0		0
1	57	400e1454	00000100		0x80943	4	0		0
1	58	400e1434	00000100		0x8095f	4	0		0
1	59	400e1410	00000100		0x8096d	4	0		0
1	60	400e1400	00000100		0x809d7	4	0		0
0	61	400e1418	00000180		0x819df	4	0		0
0	62	400e1208	7ffffffe		0x80a49	4	0		0
0	63	400e1218	20e00000		0x80a5b	4	0		0
1	64	400e1244	00800000		0x8091f	4	0		0
1	65	400e1264	00800000		0x80929	4	0		0
1	66	400e1254	00800000		0x80943	4	0		0
1	67	400e1234	00800000		0x8095f	4	0		0
1	68	400e1210	00800000		0x8096d	4	0		0
1	69	400e1200	00800000		0x81a65	4	0		0
0	70	400e1208	7ffffffe		0x80a49	4	0		0
0	71	400e1218	20e00000		0x80a5b	4	0		0
1	72	400e1244	00400000		0x8091f	4	0		0
1	73	400e1264	00400000		0x80929	4	0		0
1	74	400e1254	00400000		0x80943	4	0		0
1	75	400e1234	00400000		0x8095f	4	0		0
1	76	400e1210	00400000		0x8096d	4	0		0
1	77	400e1200	00400000		0x81a65	4	0		0
0	78	400e1208	7ffffffe		0x80a49	4	0		0
0	79	400e1218	20e00000		0x80a5b	4	0		0
1	80	400e1244	00200000		0x8091f	4	0		0
1	81	400e1264	00200000		0x80929	4	0		0
1	82	400e1254	00200000		0x80943	4	0		0
1	83	400e1230	00200000		0x8095f	4	0		0
1	84	400e1210	00200000		0x8096d	4	0		0
1	85	400e1200	00200000		0x81a65	4	0		0
0	86	400e1208	7ffffffe		0x80a49	4	0		0
0	87	400e1218	20e00000		0x80a5b	4	0		0
1	88	400e1244	20000000		0x8091f	4	0		0
1	89	400e1264	20000000		0x80929	4	0		0
1	90	400e1254	20000000		0x80943	4	0		0
1	91	400e1230	20000000		0x8095f	4	0		0
1	92	400e1210	20000000		0x8096d	4	0		0
1	93	400e1200	20000000		0x81a65	4	0		0
0	94	400e1408	7fffffff		0x80a49	4	0		0
0	95	400e1418	00000180		0x80a5b	4	0		0
1	96	400e1444	00000080		0x8091f	4	0		0
1	97	400e1464	00000080		0x80929	4	0		0
1	98	400e1454	00000080		0x80943	4	0		0
1	99	400e1434	00000080		0x8095f	4	0		0
1	100	400e1410	00000080		0x8096d	4	0		0
1	101	400e1400	00000080		0x81a65	4	0		0
0	102	400e1408	7fffffff		0x80a49	4	0		0
0	103	400e1418	00000180		0x80a5b	4	0		0
1	104	400e1444	00000100		0x8091f	4	0		0
1	105	400e1464	00000100		0x80929	4	0		0
1	106	400e1454	00000100		0x80943	4	0		0
1	107	400e1434	00000100		0x8095f	4	0		0
1	108	400e1410	00000100		0x8096d	4	0		0
1	109	400e1400	00000100		0x81a65	4	0		0
0	110	400e1208	7ffffffe		0x80a49	4	0		0
0	111	400e1218	20e00000		0x80a5b	4	0		0
1	112	400e1244	00400000		0x8091f	4	0		0
1	113	400e1264	00400000		0x80929	4	0		0
1	114	400e1254	00400000		0x80943	4	0		0
1	115	400e1234	00400000		0x8095f	4	0		0
1	116	400e1210	00400000		0x8096d	4	0		0
1	117	400e1200	00400000		0x81a65	4	0		0
0	118	400e1208	7ffffffe		0x80a49	4	0		0
0	119	400e1218	20e00000		0x80a5b	4	0		0
1	120	400e1244	00400000		0x8091f	4	0		0
1	121	400e1264	00400000		0x80929	4	0		0
1	122	400e1254	00400000		0x80943	4	0		0
1	123	400e1230	00400000		0x8095f	4	0		0
1	124	400e1210	00400000		0x8096d	4	0		0
1	125	400e1200	00400000		0x81a65	4	0		0
0	126	400e1208	7ffffffe		0x80a49	4	0		0
0	127	400e1218	20e00000		0x80a5b	4	0		0
1	128	400e1244	00400000		0x8091f	4	0		0
1	129	400e1264	00400000		0x80929	4	0		0
1	130	400e1254	00400000		0x80943	4	0		0
1	131	400e1234	00400000		0x8095f	4	0		0
1	132	400e1210	00400000		0x8096d	4	0		0
1	133	400e1200	00400000		0x81a65	4	0		0
0	134	400e1208	7ffffffe		0x80a49	4	0		0
0	135	400e1218	20e00000		0x80a5b	4	0		0
1	136	400e1244	00200000		0x8091f	4	0		0
1	137	400e1264	00200000		0x80929	4	0		0
1	138	400e1254	00200000		0x80943	4	0		0
1	139	400e1230	00200000		0x8095f	4	0		0
1	140	400e1210	00200000		0x8096d	4	0		0
1	141	400e1200	00200000		0x81a65	4	0		0
0	142	400e1208	7ffffffe		0x80a49	4	0		0
0	143	400e1218	20e00000		0x80a5b	4	0		0
1	144	400e1244	20000000		0x8091f	4	0		0
1	145	400e1264	20000000		0x80929	4	0		0
1	146	400e1254	20000000		0x80943	4	0		0
1	147	400e1230	20000000		0x8095f	4	0		0
1	148	400e1210	20000000		0x8096d	4	0		0
1	149	400e1200	20000000		0x81a65	4	0		0
0	150	400e1408	7fffffff		0x80a49	4	0		0
0	151	400e1418	00000180		0x80a5b	4	0		0
1	152	400e1444	00000080		0x8091f	4	0		0
1	153	400e1464	00000080		0x80929	4	0		0
1	154	400e1454	00000080		0x80943	4	0		0
1	155	400e1434	00000080		0x8095f	4	0		0
1	156	400e1410	00000080		0x8096d	4	0		0
1	157	400e1400	00000080		0x81a65	4	0		0
0	158	400e1408	7fffffff		0x80a49	4	0		0
0	159	400e1418	00000180		0x80a5b	4	0		0
1	160	400e1444	00000100		0x8091f	4	0		0
1	161	400e1464	00000100		0x80929	4	0		0
1	162	400e1454	00000100		0x80943	4	0		0
1	163	400e1434	00000100		0x8095f	4	0		0
1	164	400e1410	00000100		0x8096d	4	0		0
1	165	400e1400	00000100		0x81a65	4	0		0
0	166	400e1208	7ffffffe		0x80a49	4	0		0
0	167	400e1218	20e00000		0x80a5b	4	0		0
1	168	400e1244	00400000		0x8091f	4	0		0
1	169	400e1264	00400000		0x80929	4	0		0
1	170	400e1254	00400000		0x80943	4	0		0
1	171	400e1234	00400000		0x8095f	4	0		0
1	172	400e1210	00400000		0x8096d	4	0		0
1	173	400e1200	00400000		0x81a65	4	0		0
0	174	400e1208	7ffffffe		0x80a49	4	0		0
0	175	400e1218	20e00000		0x80a5b	4	0		0
1	176	400e1244	00400000		0x8091f	4	0		0
1	177	400e1264	00400000		0x80929	4	0		0
1	178	400e1254	00400000		0x80943	4	0		0
1	179	400e1230	00400000		0x8095f	4	0		0
1	180	400e1210	00400000		0x8096d	4	0		0
1	181	400e1200	00400000		0x81a65	4	0		0
0	182	400e1208	7ffffffe		0x80a49	4	0		0
0	183	400e1218	20e00000		0x80a5b	4	0		0
1	184	400e1244	00400000		0x8091f	4	0		0
1	185	400e1264	00400000		0x80929	4	0		0
1	186	400e1254	00400000		0x80943	4	0		0
1	187	400e1234	00400000		0x8095f	4	0		0
1	188	400e1210	00400000		0x8096d	4	0		0
1	189	400e1200	00400000		0x81a65	4	0		0
0	190	400e1208	7ffffffe		0x80a49	4	0		0
0	191	400e1218	20e00000		0x80a5b	4	0		0
1	192	400e1244	00200000		0x8091f	4	0		0
1	193	400e1264	00200000		0x80929	4	0		0
1	194	400e1254	00200000		0x80943	4	0		0
1	195	400e1230	00200000		0x8095f	4	0		0
1	196	400e1210	00200000		0x8096d	4	0		0
1	197	400e1200	00200000		0x81a65	4	0		0
0	198	400e1208	7ffffffe		0x80a49	4	0		0
0	199	400e1218	20e00000		0x80a5b	4	0		0
1	200	400e1244	20000000		0x8091f	4	0		0
1	201	400e1264	20000000		0x80929	4	0		0
1	202	400e1254	20000000		0x80943	4	0		0
1	203	400e1230	20000000		0x8095f	4	0		0
1	204	400e1210	20000000		0x8096d	4	0		0
1	205	400e1200	20000000		0x81a65	4	0		0
0	206	400e1408	7fffffff		0x80a49	4	0		0
0	207	400e1418	00000180		0x80a5b	4	0		0
1	208	400e1444	00000080		0x8091f	4	0		0
1	209	400e1464	00000080		0x80929	4	0		0
1	210	400e1454	00000080		0x80943	4	0		0
1	211	400e1434	00000080		0x8095f	4	0		0
1	212	400e1410	00000080		0x8096d	4	0		0
1	213	400e1400	00000080		0x81a65	4	0		0
0	214	400e1408	7fffffff		0x80a49	4	0		0
0	215	400e1418	00000180		0x80a5b	4	0		0
1	216	400e1444	00000100		0x8091f	4	0		0
1	217	400e1464	00000100		0x80929	4	0		0
1	218	400e1454	00000100		0x80943	4	0		0
1	219	400e1434	00000100		0x8095f	4	0		0
1	220	400e1410	00000100		0x8096d	4	0		0
1	221	400e1400	00000100		0x81a65	4	0		0
0	222	400e1208	7ffffffe		0x80a49	4	0		0
0	223	400e1218	20e00000		0x80a5b	4	0		0
1	224	400e1244	00400000		0x8091f	4	0		0
1	225	400e1264	00400000		0x80929	4	0		0
1	226	400e1254	00400000		0x80943	4	0		0
1	227	400e1234	00400000		0x8095f	4	0		0
1	228	400e1210	00400000		0x8096d	4	0		0
1	229	400e1200	00400000		0x81a65	4	0		0
0	230	400e1208	7ffffffe		0x80a49	4	0		0
0	231	400e1218	20e00000		0x80a5b	4	0		0
1	232	400e1244	00400000		0x8091f	4	0		0
1	233	400e1264	00400000		0x80929	4	0		0
1	234	400e1254	00400000		0x80943	4	0		0
1	235	400e1230	00400000		0x8095f	4	0		0
1	236	400e1210	00400000		0x8096d	4	0		0
1	237	400e1200	00400000		0x81a65	4	0		0
0	238	400e1208	7ffffffe		0x80a49	4	0		0
0	239	400e1218	20e00000		0x80a5b	4	0		0
1	240	400e1244	00400000		0x8091f	4	0		0
1	241	400e1264	00400000		0x80929	4	0		0
1	242	400e1254	00400000		0x80943	4	0		0
1	243	400e1234	00400000		0x8095f	4	0		0
1	244	400e1210	00400000		0x8096d	4	0		0
1	245	400e1200	00400000		0x81a65	4	0		0
0	246	400e1208	7ffffffe		0x80a49	4	0		0
0	247	400e1218	20e00000		0x80a5b	4	0		0
1	248	400e1244	00200000		0x8091f	4	0		0
1	249	400e1264	00200000		0x80929	4	0		0
1	250	400e1254	00200000		0x80943	4	0		0
1	251	400e1234	00200000		0x8095f	4	0		0
1	252	400e1210	00200000		0x8096d	4	0		0
1	253	400e1200	00200000		0x81a65	4	0		0
0	254	400e1208	7ffffffe		0x80a49	4	0		0
0	255	400e1218	20e00000		0x80a5b	4	0		0
1	256	400e1244	20000000		0x8091f	4	0		0
1	257	400e1264	20000000		0x80929	4	0		0
1	258	400e1254	20000000		0x80943	4	0		0
1	259	400e1230	20000000		0x8095f	4	0		0
1	260	400e1210	20000000		0x8096d	4	0		0
1	261	400e1200	20000000		0x81a65	4	0		0
0	262	400e1408	7fffffff		0x80a49	4	0		0
0	263	400e1418	00000180		0x80a5b	4	0		0
1	264	400e1444	00000080		0x8091f	4	0		0
1	265	400e1464	00000080		0x80929	4	0		0
1	266	400e1454	00000080		0x80943	4	0		0
1	267	400e1434	00000080		0x8095f	4	0		0
1	268	400e1410	00000080		0x8096d	4	0		0
1	269	400e1400	00000080		0x81a65	4	0		0
0	270	400e1408	7fffffff		0x80a49	4	0		0
0	271	400e1418	00000180		0x80a5b	4	0		0
1	272	400e1444	00000100		0x8091f	4	0		0
1	273	400e1464	00000100		0x80929	4	0		0
1	274	400e1454	00000100		0x80943	4	0		0
1	275	400e1434	00000100		0x8095f	4	0		0
1	276	400e1410	00000100		0x8096d	4	0		0
1	277	400e1400	00000100		0x81a65	4	0		0
0	278	400e1208	7ffffffe		0x80a49	4	0		0
0	279	400e1218	20e00000		0x80a5b	4	0		0
1	280	400e1244	00400000		0x8091f	4	0		0
1	281	400e1264	00400000		0x80929	4	0		0
1	282	400e1254	00400000		0x80943	4	0		0
1	283	400e1234	00400000		0x8095f	4	0		0
1	284	400e1210	00400000		0x8096d	4	0		0
1	285	400e1200	00400000		0x81a65	4	0		0
0	286	400e1208	7ffffffe		0x80a49	4	0		0
0	287	400e1218	20e00000		0x80a5b	4	0		0
1	288	400e1244	00400000		0x8091f	4	0		0
1	289	400e1264	00400000		0x80929	4	0		0
1	290	400e1254	00400000		0x80943	4	0		0
1	291	400e1230	00400000		0x8095f	4	0		0
1	292	400e1210	00400000		0x8096d	4	0		0
1	293	400e1200	00400000		0x81a65	4	0		0
0	294	400e1208	7ffffffe		0x80a49	4	0		0
0	295	400e1218	20e00000		0x80a5b	4	0		0
1	296	400e1244	00400000		0x8091f	4	0		0
1	297	400e1264	00400000		0x80929	4	0		0
1	298	400e1254	00400000		0x80943	4	0		0
1	299	400e1234	00400000		0x8095f	4	0		0
1	300	400e1210	00400000		0x8096d	4	0		0
1	301	400e1200	00400000		0x81a65	4	0		0
0	302	400e1208	7ffffffe		0x80a49	4	0		0
0	303	400e1218	20e00000		0x80a5b	4	0		0
1	304	400e1244	00800000		0x8091f	4	0		0
1	305	400e1264	00800000		0x80929	4	0		0
1	306	400e1254	00800000		0x80943	4	0		0
1	307	400e1234	00800000		0x8095f	4	0		0
1	308	400e1210	00800000		0x8096d	4	0		0
1	309	400e1200	00800000		0x81a65	4	0		0
0	310	400e1208	7ffffffe		0x80a49	4	0		0
0	311	400e1218	20e00000		0x80a5b	4	0		0
1	312	400e1244	00200000		0x8091f	4	0		0
1	313	400e1264	00200000		0x80929	4	0		0
1	314	400e1254	00200000		0x80943	4	0		0
1	315	400e1234	00200000		0x8095f	4	0		0
1	316	400e1210	00200000		0x8096d	4	0		0
1	317	400e1200	00200000		0x81a65	4	0		0
0	318	400e1208	7ffffffe		0x80a49	4	0		0
0	319	400e1218	20e00000		0x80a5b	4	0		0
1	320	400e1244	20000000		0x8091f	4	0		0
1	321	400e1264	20000000		0x80929	4	0		0
1	322	400e1254	20000000		0x80943	4	0		0
1	323	400e1230	20000000		0x8095f	4	0		0
1	324	400e1210	20000000		0x8096d	4	0		0
1	325	400e1200	20000000		0x81a65	4	0		0
0	326	400e1408	7fffffff		0x80a49	4	0		0
0	327	400e1418	00000180		0x80a5b	4	0		0
1	328	400e1444	00000080		0x8091f	4	0		0
1	329	400e1464	00000080		0x80929	4	0		0
1	330	400e1454	00000080		0x80943	4	0		0
1	331	400e1434	00000080		0x8095f	4	0		0
1	332	400e1410	00000080		0x8096d	4	0		0
1	333	400e1400	00000080		0x81a65	4	0		0
0	334	400e1408	7fffffff		0x80a49	4	0		0
0	335	400e1418	00000180		0x80a5b	4	0		0
1	336	400e1444	00000100		0x8091f	4	0		0
1	337	400e1464	00000100		0x80929	4	0		0
1	338	400e1454	00000100		0x80943	4	0		0
1	339	400e1434	00000100		0x8095f	4	0		0
1	340	400e1410	00000100		0x8096d	4	0		0
1	341	400e1400	00000100		0x81a65	4	0		0
0	342	400e1208	7ffffffe		0x80a49	4	0		0
0	343	400e1218	20e00000		0x80a5b	4	0		0
1	344	400e1244	00400000		0x8091f	4	0		0
1	345	400e1264	00400000		0x80929	4	0		0
1	346	400e1254	00400000		0x80943	4	0		0
1	347	400e1234	00400000		0x8095f	4	0		0
1	348	400e1210	00400000		0x8096d	4	0		0
1	349	400e1200	00400000		0x81a65	4	0		0
0	350	400e1208	7ffffffe		0x80a49	4	0		0
0	351	400e1218	20e00000		0x80a5b	4	0		0
1	352	400e1244	00400000		0x8091f	4	0		0
1	353	400e1264	00400000		0x80929	4	0		0
1	354	400e1254	00400000		0x80943	4	0		0
1	355	400e1230	00400000		0x8095f	4	0		0
1	356	400e1210	00400000		0x8096d	4	0		0
1	357	400e1200	00400000		0x81a65	4	0		0
0	358	400e1208	7ffffffe		0x80a49	4	0		0
0	359	400e1218	20e00000		0x80a5b	4	0		0
1	360	400e1244	00400000		0x8091f	4	0		0
1	361	400e1264	00400000		0x80929	4	0		0
1	362	400e1254	00400000		0x80943	4	0		0
1	363	400e1234	00400000		0x8095f	4	0		0
1	364	400e1210	00400000		0x8096d	4	0		0
1	365	400e1200	00400000		0x81a65	4	0		0
0	366	400e1208	7ffffffe		0x80a49	4	0		0
0	367	400e1218	20e00000		0x80a5b	4	0		0
1	368	400e1244	00200000		0x8091f	4	0		0
1	369	400e1264	00200000		0x80929	4	0		0
1	370	400e1254	00200000		0x80943	4	0		0
1	371	400e1234	00200000		0x8095f	4	0		0
1	372	400e1210	00200000		0x8096d	4	0		0
1	373	400e1200	00200000		0x81a65	4	0		0
0	374	400e1208	7ffffffe		0x80a49	4	0		0
0	375	400e1218	20e00000		0x80a5b	4	0		0
1	376	400e1244	20000000		0x8091f	4	0		0
1	377	400e1264	20000000		0x80929	4	0		0
1	378	400e1254	20000000		0x80943	4	0		0
1	379	400e1234	20000000		0x8095f	4	0		0
1	380	400e1210	20000000		0x8096d	4	0		0
1	381	400e1200	20000000		0x81a65	4	0		0
0	382	400e1408	7fffffff		0x80a49	4	0		0
0	383	400e1418	00000180		0x80a5b	4	0		0
1	384	400e1444	00000080		0x8091f	4	0		0
1	385	400e1464	00000080		0x80929	4	0		0
1	386	400e1454	00000080		0x80943	4	0		0
1	387	400e1434	00000080		0x8095f	4	0		0
1	388	400e1410	00000080		0x8096d	4	0		0
1	389	400e1400	00000080		0x81a65	4	0		0
0	390	400e1408	7fffffff		0x80a49	4	0		0
0	391	400e1418	00000180		0x80a5b	4	0		0
1	392	400e1444	00000100		0x8091f	4	0		0
1	393	400e1464	00000100		0x80929	4	0		0
1	394	400e1454	00000100		0x80943	4	0		0
1	395	400e1434	00000100		0x8095f	4	0		0
1	396	400e1410	00000100		0x8096d	4	0		0
1	397	400e1400	00000100		0x81a65	4	0		0
0	398	400e1208	7ffffffe		0x80a49	4	0		0
0	399	400e1218	20e00000		0x80a5b	4	0		0
1	400	400e1244	00400000		0x8091f	4	0		0
1	401	400e1264	00400000		0x80929	4	0		0
1	402	400e1254	00400000		0x80943	4	0		0
1	403	400e1234	00400000		0x8095f	4	0		0
1	404	400e1210	00400000		0x8096d	4	0		0
1	405	400e1200	00400000		0x81a65	4	0		0
0	406	400e1208	7ffffffe		0x80a49	4	0		0
0	407	400e1218	20e00000		0x80a5b	4	0		0
1	408	400e1244	00400000		0x8091f	4	0		0
1	409	400e1264	00400000		0x80929	4	0		0
1	410	400e1254	00400000		0x80943	4	0		0
1	411	400e1230	00400000		0x8095f	4	0		0
1	412	400e1210	00400000		0x8096d	4	0		0
1	413	400e1200	00400000		0x81a65	4	0		0
0	414	400e1208	7ffffffe		0x80a49	4	0		0
0	415	400e1218	20e00000		0x80a5b	4	0		0
